367 633 380 843 782 43 93 408 492 254 315 545 540 134 555 630 804 865 287 921
589 21 334 712 226 564 800 393 92 366 336 642 8 384 550 896 78 214 599 601
252 812 780 600 617 815 800 562 574 982 370 376 371 467 707 389 821 338 91 119
43 948 311 770 479 751 416 147 585 457 568 855 881 508 897 70 959 962 895 216
254 285 64 157 118 696 547 32 134 684 242 73 731 120 142 820 535 986 856 901
14 824 504 504 94 74 564 299 732 769 296 665 886 216 2 448 595 817 851 497
21 793 683 214 329 424 366 776 40 521 12 142 106 978 232 585 518 461 562 88
507 516 371 809 461 671 41 80 377 176 777 997 318 15 859 912 358 543 827 386
53 589 535 685 660 342 860 993 464 176 563 462 593 976 113 39 474 444 118 471
545 49 99 561 688 450 51 887 474 998 761 988 649 24 991 308 382 505 569 794
