557 187 895
571 793 137
991 209 380
574 471 426
197 534 501
704 878 979
854 584 447
828 554 788
756 687 438
462 33 513
229 697 376
347 666 229
658 204 915
711 747 250
941 517 327
155 888 995
555 338 958
185 391 190
578 546 966
998 406 541
846 645 329
718 643 829
752 69 383
640 759 313
230 945 604
219 454 591
668 192 817
622 774 461
464 497 694
140 765 515
513 453 672
463 257 150
330 367 686
932 822 21
258 237 320
449 722 639
87 443 590
874 220 689
425 771 918
758 162 963
923 48 94
814 985 626
996 978 170
269 690 401
421 330 862
498 434 213
206 229 85
827 237 376
18 135 74
183 596 250
114 366 997
196 869 374
664 286 806
614 323 661
159 423 257
792 332 900
753 320 70
131 425 112
495 384 489
499 849 689
56 820 807
912 489 545
478 640 478
905 836 505
794 17 142
