191 221 701 395 340 919 785 701 244 352 717 807 64 850 34 419 821 860 534 845 258 166 556 579 880 510 656 406 454 24 792 562 782 501 151 666 214 681 999 402 399 111 502 297 330 523 624 291 742 254
826 123 328 749 542 910 222 601 857 417 778 899 965 556 199 251 188 32 460 471 893 873 990 381 590 994 734 291 66 695 162 161 299 408 582 622 69 598 39 794 651 859 154 841 601 408 429 650 483 973
209 494 262 794 721 418 714 298 255 296 394 208 645 568 715 893 817 199 383 182 255 742 75 33 826 597 470 389 190 585 161 471 270 306 441 829 41 195 929 752 469 523 469 548 312 26 978 750 816 667
158 18 859 933 737 617 903 779 208 553 240 836 153 272 100 513 144 896 831 175 477 160 720 328 54 81 982 321 440 160 348 947 578 539 446 872 390 610 237 31 117 120 588 89 528 664 885 598 899 768
263 725 427 486 495 476 689 946 486 191 732 614 871 347 886 995 313 201 202 339 472 678 274 870 896 92 673 5 851 238 778 18 804 988 263 556 980 429 589 973 669 938 574 715 379 374 135 539 421 188
481 775 932 39 406 28 438 533 259 299 273 459 411 184 627 21 42 264 848 555 611 989 318 784 979 449 806 813 857 325 987 789 513 422 815 47 173 913 672 550 176 988 954 466 951 779 786 29 401 283
853 109 520 758 381 178 436 936 549 980 988 654 45 331 650 341 22 211 209 931 471 906 426 877 382 858 585 524 15 900 849 136 86 27 200 367 708 126 144 439 788 10 175 554 189 357 916 251 213 202
692 962 165 250 620 920 614 565 493 360 386 702 14 15 436 905 683 653 575 206 430 762 42 984 588 701 36 59 195 1 588 849 313 269 206 624 636 308 812 845 746 947 1 75 143 131 276 304 977 688
250 920 32 638 735 98 585 983 326 34 537 173 328 361 589 508 228 796 705 182 816 356 502 613 233 195 146 883 274 959 562 588 760 922 804 432 225 986 481 106 555 261 314 7 207 280 331 53 733 398
979 485 962 252 184 937 35 888 36 533 338 272 220 606 831 971 192 424 664 634 564 298 598 923 436 606 153 189 242 790 570 937 999 940 752 572 676 587 350 912 143 995 974 622 120 145 406 21 474 707
366 69 677 511 503 820 176 309 561 217 783 227 341 396 655 961 231 961 534 179 356 189 366 496 842 217 179 827 155 729 254 984 820 931 252 566 674 778 210 860 918 31 791 351 630 816 932 438 331 571
545 693 548 411 994 159 498 741 982 349 208 693 25 302 9 399 940 765 216 65 324 726 865 607 622 567 316 464 506 507 525 803 351 743 256 91 420 660 351 152 727 15 692 449 32 450 265 117 79 208
337 18 147 576 992 410 719 124 727 446 497 624 551 814 408 718 703 559 532 664 426 687 217 100 97 703 539 308 914 270 660 993 813 23 824 275 489 832 720 897 618 285 524 480 639 955 638 620 481 684
150 846 147 986 541 97 720 756 850 12 645 611 756 701 434 974 839 969 516 175 41 8 961 814 642 636 742 29 386 793 166 362 832 564 121 609 229 839 159 591 878 920 93 594 393 15 430 902 596 747
134 298 176 647 868 560 232 852 38 179 616 960 872 391 989 252 125 376 885 527 469 411 834 933 479 138 861 801 334 838 701 631 60 125 209 990 820 300 668 185 454 311 755 27 745 10 504 585 12 825
180 470 754 415 923 496 390 127 198 67 132 87 124 72 126 890 445 794 971 527 407 801 91 696 749 778 110 788 207 17 224 807 35 994 964 310 480 319 319 803 943 788 895 992 40 875 188 857 785 231
301 618 296 73 610 66 250 254 155 720 38 268 317 756 86 855 936 756 924 889 119 380 727 94 417 36 901 38 922 956 54 210 752 354 469 942 228 838 792 208 75 163 627 428 762 707 941 390 999 821
336 111 13 906 28 275 590 414 783 880 774 196 991 801 479 385 173 384 596 310 119 925 483 344 50 352 171 652 20 220 136 503 925 179 710 825 316 790 356 401 506 321 298 720 397 136 931 824 248 961
705 113 822 216 510 765 510 890 871 650 356 762 621 957 758 261 486 458 226 790 824 508 809 631 68 218 816 55 427 599 167 752 332 554 879 512 196 550 188 599 705 534 830 857 607 861 491 330 530 432
621 753 577 496 971 953 850 553 702 759 341 5 578 711 140 583 720 413 240 325 65 92 680 158 264 563 411 405 806 209 537 44 200 14 98 895 338 634 912 161 17 597 975 626 818 386 186 921 747 127
497 762 577 271 559 807 864 811 688 84 60 325 582 923 436 338 112 276 286 829 621 984 2 26 746 420 905 240 738 450 175 352 14 83 151 959 499 439 921 347 14 524 825 656 658 23 761 321 49 170
714 826 643 893 308 930 400 631 809 404 428 369 138 743 887 172 356 739 153 409 423 798 431 2 145 783 635 790 789 255 251 969 500 766 828 14 753 168 907 81 940 443 403 252 699 400 689 601 454 694
957 363 370 971 189 59 544 252 46 822 59 849 489 500 619 914 325 6 988 815 760 327 461 399 533 367 600 839 654 195 863 109 516 789 153 225 79 487 434 81 50 971 254 524 70 817 984 494 79 900
368 719 977 139 645 947 267 962 110 187 222 885 455 412 90 773 535 113 282 516 404 425 99 466 142 744 810 346 66 774 667 684 560 647 39 292 549 581 600 379 528 396 514 777 794 675 225 949 131 432
435 745 823 637 647 316 848 727 666 748 131 299 756 700 615 870 463 775 842 881 435 477 15 829 389 964 515 14 965 35 926 524 216 422 266 83 23 426 909 0 16 937 715 584 48 614 677 129 232 676
653 780 176 362 134 937 844 927 928 716 457 239 492 299 302 300 125 817 883 847 263 534 627 419 351 736 474 454 341 528 958 190 963 713 969 758 615 552 78 42 434 970 6 87 844 656 83 515 768 352
337 477 394 280 445 435 355 681 86 495 7 300 851 501 653 138 552 782 861 84 601 331 968 240 111 825 621 891 380 868 912 590 481 78 264 576 494 37 568 174 651 493 239 151 33 807 775 507 896 439
668 111 484 988 433 870 224 855 237 853 397 538 947 65 629 141 531 108 218 226 649 679 16 9 124 431 86 285 951 819 221 585 574 94 561 634 969 375 697 417 847 15 776 313 747 116 69 413 411 422
183 469 628 105 454 523 964 425 575 5 500 627 960 891 486 118 680 199 501 112 403 349 930 457 495 235 517 694 481 173 175 150 840 991 341 646 653 838 193 163 581 986 421 646 946 172 104 537 483 570
366 856 722 0 634 210 343 86 324 484 287 81 567 130 801 116 785 219 451 245 689 854 105 874 69 682 906 532 130 226 874 59 302 921 266 468 292 222 672 759 546 911 736 855 137 449 365 855 797 928
148 393 463 145 867 756 831 440 280 382 491 194 179 442 68 898 359 118 244 321 29 995 66 331 648 766 174 396 29 160 213 478 349 189 102 328 47 175 335 523 205 787 553 110 57 529 53 198 36 75
652 840 953 9 282 593 946 379 116 309 275 137 856 17 238 984 287 501 373 52 69 281 692 253 179 806 995 698 493 881 217 930 951 102 195 84 105 570 240 730 662 917 709 487 544 26 822 766 321 112
880 992 661 675 371 151 624 190 594 592 264 107 927 609 622 900 102 252 280 700 336 726 384 572 287 732 308 907 406 200 107 205 770 632 233 40 100 447 529 508 29 858 545 889 452 191 942 90 386 346
504 72 647 809 878 581 344 619 179 202 525 916 65 712 102 484 782 897 640 821 475 335 607 986 740 760 315 449 19 902 847 272 48 280 29 47 831 734 389 651 935 684 493 516 586 958 563 624 882 98
464 451 286 721 645 403 61 888 563 557 970 875 163 192 63 366 646 443 498 991 255 531 892 609 216 127 942 325 251 199 12 836 712 160 971 352 956 525 823 38 465 893 65 399 179 517 156 803 203 200
395 204 985 850 842 628 949 837 535 704 298 666 506 949 224 657 997 815 647 494 700 341 703 46 612 694 484 516 369 890 358 499 803 240 49 652 832 264 175 540 865 215 290 612 738 616 534 211 567 475
351 823 319 63 280 765 177 918 933 620 996 151 594 666 228 907 9 41 975 419 10 778 516 191 867 244 554 752 797 675 16 298 928 460 507 619 403 713 27 878 976 403 221 992 293 311 272 119 889 940
867 752 197 300 860 218 981 530 739 327 190 671 694 222 727 789 624 145 860 721 943 157 548 268 630 754 811 747 772 370 277 903 616 934 466 928 237 219 903 835 32 983 948 761 302 631 576 319 547 565
753 487 220 191 906 992 282 973 426 507 546 898 141 571 23 521 774 472 510 310 857 207 391 864 830 855 113 567 145 413 625 579 404 686 79 13 257 819 785 852 565 59 804 573 906 804 148 773 664 665
782 484 525 828 943 17 848 278 156 381 430 774 87 796 188 47 306 29 860 923 536 503 569 36 465 137 410 177 293 830 925 907 445 307 955 829 852 704 88 780 184 248 558 571 209 152 703 454 826 698
665 81 22 433 192 696 482 367 588 810 702 996 118 350 293 682 267 329 39 745 52 518 286 975 670 456 690 517 321 318 696 270 210 83 233 395 738 254 584 15 67 813 740 544 757 759 247 700 777 724
753 743 937 896 92 645 502 14 873 778 396 435 330 708 169 119 509 359 809 707 278 827 63 204 329 353 237 210 151 568 617 817 617 970 244 61 224 995 47 489 679 19 609 612 347 260 186 19 578 659
223 639 50 273 937 74 497 950 58 523 319 36 855 914 102 383 572 285 854 499 882 617 772 53 952 987 831 527 931 861 743 601 991 291 643 634 921 710 898 426 886 929 322 807 941 784 795 125 492 490
513 423 257 125 805 190 919 714 647 634 288 387 44 20 182 606 229 311 42 147 76 633 277 272 942 227 736 226 278 250 338 84 25 13 557 179 143 14 510 299 238 55 788 211 777 183 80 580 609 638
795 147 296 304 21 979 915 451 964 46 994 538 793 40 733 739 608 781 492 210 877 931 759 682 996 933 795 675 876 699 931 877 669 966 96 84 474 806 145 279 979 660 987 511 520 14 166 339 344 107
551 753 23 872 245 703 719 879 743 934 174 141 375 18 298 484 654 250 827 851 898 689 205 487 281 233 346 453 667 501 536 525 907 699 450 314 560 836 871 316 214 179 186 850 135 221 474 390 283 68
918 747 98 204 805 81 550 728 220 866 660 274 444 81 397 978 538 701 694 642 733 985 783 445 643 721 280 226 793 874 804 517 296 575 696 756 781 709 309 351 145 315 75 655 470 693 847 484 845 676
1 331 610 30 64 134 737 30 59 895 354 15 992 204 591 776 732 617 564 759 379 399 677 71 482 950 153 742 726 952 90 467 640 237 623 907 644 856 716 599 942 465 488 957 620 576 261 801 884 998
377 215 582 426 233 585 499 529 437 6 392 914 98 639 967 539 780 840 797 622 613 215 677 558 550 856 314 756 715 603 357 871 235 62 532 713 972 459 389 831 900 240 209 584 228 571 531 706 167 238
15 27 173 556 714 894 632 927 202 644 341 904 467 519 424 142 696 663 795 109 730 171 605 164 559 237 919 234 211 25 235 517 168 612 349 579 14 117 611 885 327 897 969 688 166 756 910 904 491 871
