260 520 827 292 264 906 58 135 527 601 846 653 980 594 456 745 30 554 938 150 327 995 413 827 811 579 150 79 718 603 613 970 920 868 492 416 659 359 589 191 533 10 356 645 956 968 455 742 140 958 837 144 46 719 414 162 405 644 30 507 642 246 60 505 339 145 603 455 702 161 196 970 676 553 407 747 944 211 848 254 776 483 371 868 192 244 341 787 101 707 636 903 44 224 217 621 680 424 360 854
534 399 454 500 334 601 861 951 499 267 962 712 936 570 525 669 771 763 241 501 497 526 352 45 162 855 952 997 584 365 555 225 707 105 3 629 10 286 260 576 103 941 12 899 598 605 859 895 815 77 435 550 878 0 260 676 428 538 256 517 730 787 139 799 741 1 451 433 609 664 592 809 179 234 348 320 711 204 850 782 781 227 799 679 516 168 713 439 499 580 103 559 366 767 946 824 996 674 783 16
595 96 512 446 163 276 671 340 614 335 278 252 809 819 999 364 404 901 161 600 479 31 108 749 655 66 222 393 371 453 901 606 901 484 612 204 948 897 955 900 456 234 165 770 183 673 532 118 484 652 479 229 145 90 414 123 315 619 526 527 56 803 863 464 576 636 526 408 89 804 632 64 500 91 842 340 248 114 484 368 70 124 224 406 44 409 369 360 264 847 232 203 437 494 235 541 626 701 972 956
756 207 788 132 184 842 815 562 747 477 213 99 57 667 155 897 510 208 508 411 700 202 631 657 637 494 407 545 365 379 239 938 271 24 333 2 676 74 785 185 777 364 779 426 427 23 539 906 366 568 920 834 640 622 623 43 214 23 900 531 515 754 578 649 514 945 961 668 238 990 316 161 577 948 491 727 987 309 739 869 788 484 127 998 247 715 55 606 478 204 176 706 618 959 504 246 522 539 44 406
62 445 326 425 547 25 880 862 260 589 408 27 444 528 169 88 962 125 640 912 802 118 593 476 814 108 737 693 374 55 362 675 420 80 468 529 715 68 56 245 36 223 260 74 803 746 389 420 750 844 538 466 282 765 789 468 36 335 356 385 337 327 613 762 270 492 416 0 202 160 803 856 81 166 851 608 495 568 241 920 696 575 358 373 551 722 737 295 935 82 531 330 852 40 363 680 141 748 517 320
795 248 689 276 40 303 183 908 511 71 940 890 842 655 153 574 479 245 270 476 127 660 279 739 543 98 73 538 571 914 668 993 450 330 809 819 375 244 433 953 907 545 298 514 585 508 970 257 245 8 109 459 583 310 329 410 348 727 109 711 635 536 277 110 802 647 368 843 585 274 726 331 704 164 757 296 501 743 470 634 263 69 870 574 708 210 993 990 206 489 275 668 595 959 771 105 474 643 777 159
906 896 839 904 519 706 257 155 327 261 539 738 342 776 86 84 818 695 629 946 455 612 231 160 325 349 427 999 48 251 183 229 465 720 217 617 582 622 968 199 478 198 768 549 791 896 865 927 15 280 905 238 418 586 674 18 110 634 665 421 281 516 695 126 664 914 391 539 829 345 10 788 843 203 499 908 993 577 804 805 481 851 822 317 525 147 492 818 764 710 10 872 94 913 398 632 117 586 283 786
846 386 223 271 171 704 56 201 331 587 559 247 683 726 666 37 696 95 253 103 921 817 99 333 856 828 835 554 809 791 207 985 951 975 731 706 288 489 714 534 177 128 578 993 467 832 459 86 990 994 710 806 155 131 388 393 611 239 421 32 320 293 721 453 741 386 259 637 562 349 587 43 237 890 791 859 251 357 20 319 473 447 670 810 290 458 175 567 654 176 433 332 552 739 614 564 453 113 486 268
150 793 20 888 143 352 900 205 149 259 529 925 350 41 158 84 836 922 340 170 198 695 363 579 792 137 92 287 100 261 257 279 943 525 709 940 204 784 288 106 529 974 78 135 798 482 13 814 504 293 304 370 321 946 991 669 295 699 362 490 567 191 517 867 42 350 132 846 139 609 747 86 205 488 468 950 451 797 23 202 943 483 95 365 90 964 614 284 970 537 855 687 475 599 196 226 66 79 238 856
430 835 320 71 683 365 128 386 24 972 687 74 45 162 762 922 220 801 617 993 866 724 542 18 205 117 320 799 600 431 484 802 569 578 628 431 668 68 771 845 340 184 484 275 696 532 808 228 401 587 272 1 7 578 785 182 657 610 579 587 75 457 574 289 120 467 462 332 833 444 102 255 68 743 466 75 544 25 573 203 123 725 713 642 229 388 101 208 672 934 0 611 232 779 508 26 624 560 611 435
122 129 433 978 78 914 853 514 670 975 940 457 14 59 315 270 776 309 994 959 665 776 36 186 913 609 848 38 198 462 577 805 926 135 363 87 111 185 415 368 445 313 723 871 550 371 159 40 950 484 118 794 856 246 286 514 850 425 917 988 570 321 748 978 806 260 225 846 417 83 614 14 545 188 51 150 687 453 230 166 820 520 866 372 93 71 229 145 948 188 15 598 367 745 940 190 515 973 348 710
590 771 269 608 206 208 943 480 863 818 859 135 120 350 231 451 862 181 959 241 121 328 354 334 651 102 657 37 955 171 399 415 805 22 579 60 89 938 384 710 629 824 22 155 135 103 117 249 994 294 278 214 776 773 880 264 137 20 986 942 827 506 871 490 369 415 308 343 833 393 962 663 252 498 313 993 141 321 686 801 706 892 89 715 575 835 718 205 495 827 37 351 545 650 108 901 127 447 66 976
522 158 871 269 592 263 40 896 960 280 212 715 68 973 282 758 416 603 170 771 333 670 155 758 503 665 835 956 536 640 90 456 693 982 75 83 505 704 208 968 900 707 785 549 793 189 391 321 471 258 618 874 827 471 367 674 646 430 744 171 627 45 565 194 916 910 947 179 43 6 326 559 104 196 632 977 977 994 535 447 338 692 569 957 13 581 849 969 163 110 625 763 46 482 92 44 152 644 638 17
400 390 222 329 257 291 43 144 654 638 641 192 618 467 815 779 988 791 82 371 721 562 643 4 230 306 848 170 833 296 577 528 151 869 765 110 917 428 506 3 68 371 36 547 835 306 383 68 11 455 400 457 539 960 746 566 574 537 711 227 729 733 260 548 30 618 322 434 245 567 365 789 805 399 789 343 703 394 537 742 726 811 778 545 898 0 935 819 572 470 387 692 381 114 234 658 555 613 238 499
433 949 421 120 456 694 804 126 443 665 344 326 102 293 504 973 247 471 865 787 390 362 412 674 157 2 821 724 530 972 778 687 393 233 837 521 429 535 739 794 377 377 559 227 559 647 561 732 902 75 612 346 261 321 520 710 883 231 4 638 811 137 795 163 691 848 15 626 119 143 465 212 568 324 144 452 874 769 215 124 926 962 473 436 106 693 83 907 886 758 308 939 199 271 411 592 470 204 776 29
423 523 161 873 739 959 592 911 506 748 354 616 811 701 101 598 640 742 26 992 844 660 810 314 125 891 646 525 267 202 505 647 113 123 361 453 853 947 857 629 195 218 735 946 12 976 122 948 795 37 842 236 813 104 226 581 276 386 966 940 227 478 532 717 639 6 793 43 404 71 428 203 122 864 159 9 997 307 747 759 245 784 23 930 717 10 373 136 890 529 371 379 751 621 218 952 683 973 721 698
53 135 353 115 326 488 403 763 419 553 320 196 305 492 15 274 175 647 160 991 552 499 187 113 198 740 328 196 202 190 805 63 191 831 417 79 224 631 269 462 911 977 527 520 602 324 465 882 496 583 286 597 485 253 575 278 948 917 12 85 100 650 474 210 217 684 309 486 967 406 154 290 734 190 188 441 92 719 267 771 311 753 499 649 484 865 767 320 876 229 74 86 27 322 662 456 814 212 752 555
899 708 156 711 421 586 144 250 885 630 531 341 598 517 502 582 820 995 950 334 357 625 147 338 322 254 314 30 571 215 265 64 130 112 480 117 624 18 607 513 429 986 249 750 490 961 499 862 775 241 93 912 188 99 615 196 35 0 307 713 688 687 4 666 65 62 103 352 357 500 821 945 343 783 81 645 241 888 809 973 699 116 210 506 341 663 606 25 239 592 510 268 144 863 990 508 2 920 97 290
114 882 549 841 334 237 113 102 654 31 865 112 730 400 162 691 878 856 254 69 534 71 89 504 73 936 689 698 437 606 139 524 308 957 371 134 96 92 275 887 556 528 415 105 599 955 636 460 520 700 144 727 611 451 649 523 483 159 403 126 360 588 556 866 189 131 993 958 628 97 203 761 993 419 5 101 554 588 274 173 799 310 203 944 860 199 128 454 268 942 479 615 543 203 223 763 530 358 227 961
464 103 920 491 543 112 661 99 732 573 651 186 115 525 174 120 343 279 49 388 464 21 425 592 630 72 82 70 528 421 776 820 888 219 307 775 887 861 273 218 331 647 63 803 531 599 725 606 848 213 454 901 297 539 263 963 375 105 286 789 134 807 382 757 403 14 570 838 691 549 800 938 18 748 341 738 918 289 408 304 612 128 311 731 274 832 101 416 312 706 580 224 579 198 390 330 483 34 858 444
147 946 171 322 668 838 317 255 229 153 499 76 181 974 557 941 298 359 607 526 125 496 466 775 205 635 673 621 337 750 833 339 654 213 865 882 518 801 234 151 250 553 959 939 850 956 177 537 150 12 142 710 964 749 15 371 824 770 689 491 655 52 180 303 161 200 201 290 542 937 558 480 303 810 721 367 173 907 996 835 486 505 227 342 889 454 568 613 551 741 378 13 797 470 993 391 191 900 702 131
524 894 914 72 800 125 153 458 695 66 829 157 559 855 20 497 332 873 105 273 601 724 673 556 375 143 48 772 110 343 755 864 729 179 477 771 562 315 411 947 880 667 28 730 141 835 390 365 380 51 216 366 734 739 729 616 966 963 386 356 240 66 347 697 395 417 602 546 971 379 528 300 778 507 939 817 806 95 217 636 531 662 847 19 373 163 194 702 170 695 91 625 355 480 883 718 103 845 804 573
642 301 465 423 873 949 128 812 475 672 958 275 294 770 412 88 336 190 485 958 453 223 235 401 6 654 197 516 436 400 364 410 738 690 437 94 650 811 685 516 535 781 662 618 828 199 353 656 663 767 4 165 584 793 238 188 249 863 277 962 978 590 126 335 855 779 17 696 481 466 509 593 534 379 705 218 661 768 825 365 52 647 570 995 943 759 209 451 650 476 884 749 628 88 266 457 926 411 893 588
483 645 297 567 285 238 514 935 71 953 789 798 51 792 253 400 317 974 802 247 485 904 215 447 642 410 711 884 733 108 957 579 592 437 348 731 6 611 217 725 543 7 550 960 737 660 81 405 329 810 74 219 195 341 233 155 717 444 775 40 84 759 224 192 184 33 307 155 499 90 844 104 442 410 133 792 760 573 229 330 33 741 509 587 246 418 715 939 372 96 227 593 759 540 383 689 56 862 439 457
318 277 461 569 833 177 255 838 67 590 19 901 346 175 353 451 451 352 544 531 123 603 643 372 316 167 299 293 609 661 474 877 363 358 916 1 129 112 643 88 225 264 502 424 913 533 959 965 829 39 821 872 590 90 760 308 650 676 56 143 938 848 955 60 434 638 463 109 272 313 927 584 487 996 500 652 101 907 899 22 942 653 522 851 411 389 376 854 347 262 497 523 182 260 902 786 980 930 110 981
843 815 325 277 394 799 736 166 861 447 92 601 432 738 611 357 852 386 640 38 350 756 335 672 685 932 651 999 613 88 969 96 376 105 566 956 805 764 585 759 93 998 376 141 512 578 863 898 603 64 478 954 47 814 275 402 385 639 827 621 620 774 559 252 215 98 917 394 449 602 292 332 145 935 807 827 553 81 583 665 116 846 321 390 898 278 667 133 421 265 285 190 756 735 351 267 13 475 576 923
434 643 245 859 339 818 773 607 87 828 621 384 401 721 61 795 56 597 151 934 882 347 479 267 672 560 852 307 13 694 613 387 765 648 192 518 953 854 7 680 554 855 506 788 78 465 876 967 358 252 236 899 707 730 178 22 394 469 920 519 149 701 223 422 899 61 286 632 620 613 338 499 960 771 255 535 94 73 292 284 423 96 209 332 990 926 611 986 235 549 173 296 347 626 759 943 403 555 175 471
743 688 18 356 837 383 35 722 878 525 476 414 13 192 949 265 706 693 340 300 685 854 484 851 71 37 304 567 217 28 507 296 302 917 865 266 929 678 856 613 847 463 353 469 582 809 673 775 706 907 990 444 934 293 493 409 695 543 132 910 198 3 719 319 214 282 26 703 790 565 805 978 610 835 530 88 640 998 176 403 31 109 371 631 787 225 497 466 956 921 792 356 686 977 503 185 252 308 738 312
610 480 78 779 950 227 715 103 382 397 584 258 963 761 741 254 123 989 569 885 144 339 407 585 235 726 985 304 734 319 893 129 170 32 396 50 772 265 254 377 943 658 984 36 102 833 424 473 317 146 229 546 85 441 551 165 935 394 491 841 622 149 481 572 58 129 255 460 335 344 510 236 811 969 156 254 128 98 703 472 28 293 466 227 459 482 471 775 596 365 271 780 594 199 914 932 25 18 74 919
132 678 816 546 868 878 692 742 2 809 436 61 551 661 694 956 148 193 936 623 116 190 159 33 903 414 146 525 207 207 380 175 211 260 80 42 81 71 322 613 625 970 156 198 922 74 835 576 219 980 521 385 140 568 134 412 627 144 923 85 134 315 203 553 988 695 727 827 688 875 0 344 173 466 496 566 133 792 824 826 318 590 360 80 351 864 170 82 611 995 768 800 195 279 564 410 786 376 971 745
210 151 360 880 89 98 806 250 353 59 288 118 766 731 895 149 938 979 385 258 386 211 308 246 734 93 907 166 691 135 340 488 124 462 781 627 147 954 406 422 660 991 119 366 275 418 638 821 554 481 127 47 825 351 697 270 642 291 688 576 359 294 612 705 735 540 773 654 211 229 832 861 902 656 745 480 316 676 895 437 542 984 81 981 400 83 511 214 719 235 719 442 844 589 83 465 954 954 191 715
894 454 259 643 687 51 549 110 737 53 801 241 331 547 210 445 745 928 6 611 764 301 401 459 247 907 958 672 885 504 83 767 949 104 891 660 894 13 603 47 350 951 258 661 617 93 981 478 448 898 794 790 691 76 35 389 225 595 23 27 440 562 546 613 673 488 627 747 611 903 768 726 22 946 584 783 453 160 977 976 185 998 726 71 879 698 629 378 178 926 694 501 393 602 535 408 960 749 890 45
105 145 99 751 867 693 503 282 62 791 762 361 410 154 837 14 701 28 219 547 323 789 471 178 364 396 527 725 454 590 89 124 2 176 414 83 99 682 594 77 790 691 824 937 540 554 696 725 267 29 61 788 473 369 792 161 853 164 508 221 892 592 813 911 402 329 188 692 163 467 580 515 857 176 729 800 207 271 590 761 901 717 240 540 961 985 416 852 839 252 179 165 935 494 188 385 65 534 565 285
113 272 867 482 77 509 421 537 813 465 623 226 107 978 526 46 525 887 284 963 217 590 407 448 837 411 604 102 826 972 610 979 344 297 544 596 453 532 140 547 90 642 625 511 373 862 971 940 888 114 962 933 981 824 660 646 742 141 109 317 202 782 990 142 943 735 192 676 658 498 635 201 729 871 903 295 728 524 764 693 246 479 148 350 747 283 520 591 122 974 840 567 25 742 175 321 819 752 309 566
448 769 540 921 35 454 325 358 177 294 967 593 375 139 953 44 596 739 705 124 683 318 600 185 748 749 11 505 806 858 67 338 776 734 57 312 29 365 396 779 803 602 10 111 150 409 488 789 446 657 399 919 509 687 515 65 327 135 712 304 566 522 573 560 818 19 599 747 397 870 847 414 917 403 632 414 272 35 635 753 78 665 896 584 766 583 709 765 102 432 819 361 193 633 947 201 154 456 945 616
714 894 722 347 639 414 370 42 605 142 465 170 442 510 115 810 918 908 734 225 890 486 79 917 496 769 731 308 372 966 619 439 211 257 257 89 603 328 971 689 996 356 735 245 664 383 257 858 957 663 421 742 86 823 105 632 191 307 311 307 658 879 165 886 808 570 778 647 813 531 587 126 528 336 320 54 258 114 487 819 443 313 662 575 190 151 295 161 564 0 561 31 89 559 190 345 53 875 204 575
545 788 52 179 917 735 723 341 882 613 435 191 516 529 319 90 905 459 153 257 455 345 42 721 701 456 72 618 174 848 959 56 324 515 700 125 660 820 209 699 773 669 39 988 877 726 640 60 226 15 189 922 785 561 622 718 883 343 827 296 349 378 462 920 921 168 700 555 750 152 200 411 569 67 684 980 628 817 417 844 933 113 952 31 780 137 686 351 777 145 498 710 491 95 309 57 548 952 978 901
527 483 198 376 684 153 990 362 162 26 969 602 852 545 284 180 797 319 878 579 529 487 960 241 661 236 70 574 539 712 876 653 783 757 919 600 232 897 880 207 756 527 855 729 211 347 147 182 134 284 64 998 790 321 439 326 287 941 711 914 793 526 578 650 535 326 32 774 116 190 579 948 209 31 755 127 102 870 840 990 62 864 839 872 201 454 567 799 30 971 911 604 493 118 556 490 487 701 33 218
855 632 130 337 548 193 551 278 717 665 284 571 148 732 434 341 843 321 41 21 889 108 539 189 24 896 664 689 482 194 878 620 0 127 306 884 711 184 67 671 514 92 776 213 705 147 560 309 558 939 633 186 68 717 754 392 350 531 545 924 289 312 169 578 127 156 42 466 140 859 280 650 275 367 698 717 209 200 297 703 264 596 869 968 785 47 112 796 387 949 470 972 987 770 74 911 423 529 619 379
587 903 115 638 998 242 936 359 370 103 376 949 634 223 968 834 395 104 754 802 741 360 582 154 781 734 216 592 339 576 659 938 234 614 429 295 163 272 594 970 756 362 754 0 609 673 497 821 609 216 727 908 647 165 240 842 784 187 298 171 611 423 554 507 91 870 317 521 346 231 921 832 755 234 216 317 808 699 55 841 321 457 704 319 276 328 978 138 168 958 910 250 405 325 917 694 617 979 300 779
457 335 209 311 146 992 879 930 165 271 255 205 359 246 190 245 98 496 19 20 891 474 497 400 944 124 710 558 292 104 894 541 612 685 180 868 862 609 841 32 998 806 986 81 597 7 108 644 142 944 918 390 594 93 977 629 708 991 148 387 131 204 191 467 567 73 477 894 636 874 231 685 395 448 496 838 123 687 404 758 798 159 741 78 60 163 680 642 829 271 374 939 454 411 711 191 337 200 696 588
385 624 256 621 844 405 95 371 796 446 483 249 139 659 354 735 471 994 191 49 243 398 3 173 743 454 279 256 258 12 120 400 725 652 913 471 56 52 970 587 430 127 332 810 213 942 399 727 323 480 536 768 996 445 116 155 170 261 262 784 192 919 346 286 163 825 873 928 254 783 660 181 913 328 458 308 872 502 962 319 160 491 687 41 774 935 310 911 371 899 929 880 459 782 999 543 745 751 883 81
130 221 373 733 439 837 336 25 419 772 843 822 912 275 915 455 226 707 293 183 866 905 430 730 271 210 451 326 846 748 849 68 644 144 968 315 476 110 252 341 238 345 194 736 244 235 276 766 889 19 807 777 768 353 195 922 917 891 182 648 812 388 810 398 286 743 739 419 545 516 357 442 344 993 168 935 862 881 795 131 697 937 24 665 148 267 828 809 104 198 623 592 778 140 773 102 431 889 14 718
63 474 340 32 932 963 43 279 651 220 404 62 316 500 22 705 369 648 162 630 898 176 510 735 292 54 232 135 284 639 910 682 727 926 262 108 667 889 439 74 970 534 300 202 478 753 765 668 56 584 760 708 315 348 162 397 238 190 931 782 641 7 496 576 219 652 250 779 736 672 578 496 256 602 667 900 685 165 499 813 350 386 988 310 56 946 965 478 550 229 710 697 563 705 124 469 567 96 784 615
910 402 513 465 343 72 89 685 502 80 216 899 102 265 529 739 377 903 244 332 628 163 752 244 585 318 86 749 23 353 488 880 10 716 952 990 637 507 733 995 14 806 116 619 773 205 176 603 652 528 700 741 97 965 459 821 289 92 694 253 289 3 971 275 991 924 461 954 476 896 108 807 165 802 971 787 590 461 836 984 946 890 857 222 511 220 608 405 221 109 888 11 267 332 424 271 222 495 301 581
943 308 225 914 270 988 839 33 705 824 439 501 779 895 165 675 355 304 113 304 666 675 898 85 728 436 427 413 961 870 802 854 918 119 81 119 252 706 388 33 663 438 289 517 712 183 290 647 953 971 814 905 231 545 468 778 340 628 164 932 32 80 537 635 165 309 957 217 401 149 771 783 383 237 496 293 616 373 872 990 812 648 669 6 393 956 827 861 415 291 192 451 380 751 248 97 31 133 389 992
488 956 168 918 663 34 590 180 208 363 143 941 876 148 7 593 637 15 188 984 379 927 779 21 810 497 866 514 113 70 541 652 385 430 892 414 205 372 421 28 914 42 22 791 924 711 939 860 760 316 665 961 629 196 894 447 253 10 221 120 865 405 806 501 554 916 704 954 892 384 679 708 86 242 977 865 641 414 671 182 426 7 392 244 608 581 201 585 705 46 499 232 356 878 181 872 347 335 905 365
121 457 411 844 271 847 357 657 532 997 344 63 566 120 428 874 996 826 396 895 14 891 264 188 128 264 560 304 371 56 255 83 445 121 189 840 147 594 416 919 146 474 110 103 588 223 670 702 566 278 360 248 578 406 939 138 305 388 138 966 433 592 910 537 600 963 837 772 377 338 368 17 957 441 213 623 575 112 379 193 595 449 771 28 323 930 472 634 605 373 200 162 386 353 766 421 517 87 423 0
727 975 488 405 307 143 49 423 0 146 604 949 145 379 707 239 434 68 541 463 717 27 887 439 994 692 464 3 26 701 103 908 850 359 198 918 485 88 311 500 671 984 528 163 72 735 518 149 480 820 10 728 786 589 385 825 530 137 403 320 210 129 681 582 763 652 329 134 751 75 583 147 451 24 80 817 317 208 922 8 676 966 945 85 933 555 517 287 880 849 351 720 304 550 23 755 871 984 106 491
702 313 153 870 547 794 445 870 890 809 677 902 590 326 640 724 356 343 696 108 184 438 388 214 756 386 156 615 824 350 521 505 535 191 837 460 337 461 576 346 985 445 171 187 436 517 963 122 901 404 69 87 752 189 516 9 789 901 490 396 122 612 695 587 235 983 53 58 126 251 412 279 783 102 239 193 273 790 902 820 900 58 957 462 27 724 341 77 823 815 345 369 346 220 971 627 239 960 435 110
0 919 152 567 225 15 948 994 996 368 417 471 509 348 716 132 232 265 708 461 585 871 67 994 646 146 456 452 291 28 583 751 833 18 731 574 297 901 539 585 397 333 104 672 168 822 189 536 512 195 64 182 611 867 142 851 663 341 615 136 289 285 855 85 652 113 796 184 875 602 155 926 975 143 200 182 554 514 657 19 619 593 117 791 236 520 845 382 191 311 132 488 721 976 437 404 743 14 69 915
624 125 580 428 959 818 518 467 610 279 999 112 964 997 82 86 326 441 384 638 380 902 581 694 720 977 858 210 979 202 866 443 874 169 481 222 14 594 56 895 624 894 329 322 356 632 120 21 999 578 143 881 592 492 69 572 253 379 365 130 227 475 249 735 428 26 752 676 26 756 532 619 753 463 212 480 932 517 624 190 521 649 426 298 257 686 228 582 248 127 946 514 794 46 408 636 241 356 175 331
678 296 956 606 746 776 426 904 575 416 163 700 548 531 934 372 136 879 594 931 294 233 56 55 994 859 271 287 857 893 891 655 771 637 668 301 282 644 986 821 958 404 894 840 485 539 700 214 261 761 719 768 633 590 251 850 521 65 326 605 609 280 584 438 37 34 96 989 942 798 303 280 919 390 50 845 462 651 665 724 910 200 297 524 395 150 362 42 48 567 541 944 260 290 593 384 864 142 831 951
874 710 518 236 191 897 509 659 156 863 956 811 482 182 499 688 380 958 807 468 89 206 375 297 522 895 898 999 73 983 0 566 161 241 381 284 388 74 343 966 718 299 399 105 616 893 515 627 164 602 206 778 875 289 551 864 655 204 643 947 259 567 997 842 330 818 456 763 86 539 561 572 812 741 379 253 985 203 191 703 93 429 961 562 515 585 683 557 902 166 902 261 840 770 178 962 508 167 892 704
667 372 939 210 660 984 851 38 686 216 401 456 734 123 377 184 703 179 72 355 692 447 900 88 20 185 216 903 845 884 172 580 999 325 280 30 134 231 497 617 520 176 68 132 684 938 905 238 248 470 224 138 199 882 252 746 821 178 882 139 529 405 315 379 984 875 604 99 881 647 647 122 759 74 832 559 326 271 238 84 762 625 924 45 894 904 855 426 790 499 165 105 539 512 170 206 524 702 487 923
246 240 816 630 77 767 574 144 412 544 650 489 191 1 535 945 301 128 610 3 557 58 765 385 504 854 842 14 358 596 473 239 209 30 406 557 743 533 599 438 419 796 384 153 183 715 583 804 751 916 920 339 219 774 476 200 899 192 744 421 307 82 941 232 499 618 288 839 290 80 866 510 73 96 448 824 692 775 768 913 461 591 731 583 644 913 590 649 894 422 99 584 962 648 959 201 189 133 261 230
436 530 343 188 419 800 279 809 489 968 601 116 848 814 804 994 385 588 413 867 989 851 994 493 246 197 36 227 979 477 156 883 256 306 832 486 805 215 811 443 929 835 546 312 897 33 152 967 859 256 287 589 75 873 441 486 506 828 607 26 214 258 707 847 401 621 821 17 598 818 748 392 324 874 257 879 774 500 546 115 38 3 109 170 396 242 947 352 689 77 405 21 665 582 598 36 285 716 14 841
205 645 573 303 735 329 857 908 44 58 905 638 141 968 422 910 220 103 698 412 569 462 881 677 429 138 872 589 981 479 259 232 403 799 113 871 986 389 71 328 612 416 605 776 394 315 676 334 212 105 682 207 35 419 190 692 944 447 260 654 561 489 20 895 914 136 645 487 96 307 797 707 694 991 177 355 391 859 726 986 418 662 545 886 301 160 126 140 901 91 682 484 641 758 130 13 895 602 581 290
31 441 235 225 734 108 109 143 662 818 281 955 27 367 745 421 506 212 546 132 820 557 5 927 119 812 630 86 344 219 570 338 589 115 240 295 356 484 215 79 593 322 471 509 687 20 613 284 716 634 501 482 841 887 989 131 735 929 379 298 365 474 351 165 303 464 870 57 174 198 218 502 965 550 840 994 480 352 635 334 642 569 347 823 164 653 733 571 986 764 600 530 872 847 512 401 533 277 729 344
758 315 286 374 353 866 372 880 48 755 508 253 860 644 952 57 847 595 474 912 595 285 585 16 545 602 598 526 123 377 844 146 946 395 199 363 369 128 151 18 412 614 857 109 716 406 292 652 593 907 770 948 800 761 565 863 394 762 622 410 344 884 584 851 549 945 163 947 833 573 323 950 780 483 870 108 920 882 971 920 467 546 175 649 384 946 426 745 492 356 392 144 776 395 361 313 929 2 580 246
581 757 370 706 478 913 893 610 341 10 630 922 458 293 896 630 903 206 547 199 686 888 689 282 940 411 439 45 800 229 867 526 332 30 911 122 36 692 2 354 128 31 103 385 341 648 439 592 601 258 7 207 4 683 728 469 627 154 331 160 851 79 720 192 773 198 53 873 152 844 831 163 713 266 44 601 19 900 453 497 465 886 782 336 738 548 791 715 223 439 277 938 675 444 264 291 715 647 781 639
645 230 569 0 489 689 287 332 498 104 317 240 324 280 122 520 472 597 815 322 730 631 233 648 254 176 590 767 154 893 258 822 942 679 756 908 38 521 216 924 345 116 420 329 805 577 495 913 28 293 141 602 493 377 508 268 112 521 149 384 759 817 830 301 456 711 774 955 839 648 927 624 562 91 92 760 850 14 904 427 199 749 921 552 788 385 427 561 52 109 804 844 189 125 97 221 381 266 187 623
79 914 674 289 3 351 189 154 857 646 24 900 813 486 183 364 850 18 57 920 713 633 372 314 656 360 690 722 587 833 989 465 86 430 887 470 80 694 170 327 961 215 348 219 0 431 824 314 192 268 969 296 109 709 110 739 169 402 484 530 145 151 941 445 892 787 836 142 11 823 111 579 926 988 934 357 803 984 733 119 809 795 145 129 374 546 597 877 381 223 121 833 74 86 984 320 215 103 159 933
806 24 746 777 511 977 319 660 876 533 328 674 221 408 136 61 905 317 396 446 784 844 327 365 210 151 998 392 491 140 941 498 136 40 405 498 619 991 849 791 147 451 698 817 661 621 31 36 282 394 785 45 394 284 367 921 463 119 752 638 51 312 578 869 742 131 507 805 777 271 733 10 666 237 40 552 227 658 68 621 948 449 409 343 824 507 144 800 612 840 998 18 510 446 587 297 165 738 346 484
902 192 765 667 376 546 222 778 338 309 461 245 614 929 270 652 441 776 913 777 999 352 36 127 597 932 923 157 276 315 910 800 59 454 789 425 863 501 309 735 564 178 336 252 201 8 990 806 361 981 284 495 87 338 142 51 299 105 424 422 470 571 985 499 187 268 116 90 176 610 598 668 201 832 379 539 707 453 604 836 317 356 682 832 992 565 188 771 471 599 547 772 50 942 965 928 624 860 154 530
99 243 215 348 897 941 199 71 352 301 307 677 522 776 252 966 808 77 693 200 21 194 270 634 440 299 868 949 906 354 377 180 855 875 772 509 151 485 594 375 156 715 823 892 510 821 930 665 279 969 319 61 347 903 494 77 611 23 870 194 498 492 443 138 133 474 137 217 977 785 484 623 345 334 214 819 187 734 555 719 555 178 146 142 833 936 228 826 192 905 726 174 776 182 567 402 245 380 850 627
555 889 539 559 5 734 925 16 510 776 809 535 581 338 279 539 101 327 723 2 523 378 326 572 293 790 543 830 8 867 373 587 298 989 467 983 114 922 381 46 649 919 56 839 82 463 752 82 586 925 948 615 832 795 262 686 499 642 194 380 66 513 74 362 24 467 364 504 491 886 706 69 171 826 722 897 311 223 837 674 334 121 943 203 947 142 769 550 533 563 440 901 558 713 723 678 616 385 865 187
251 951 634 895 517 947 419 402 634 198 937 413 331 359 324 37 995 122 694 764 109 542 844 671 219 660 447 251 898 279 640 680 188 691 360 446 597 584 597 101 101 878 374 454 178 633 569 238 381 287 534 513 720 924 72 274 130 748 521 946 481 41 524 580 355 967 741 448 709 28 815 764 785 792 243 725 861 758 30 180 775 164 577 605 270 431 261 770 928 86 413 934 506 275 772 619 353 661 123 487
300 54 809 868 863 32 180 379 245 406 122 117 386 821 737 74 445 97 409 927 830 494 117 88 649 292 63 548 117 55 110 66 604 297 704 37 364 114 269 323 734 796 362 197 51 388 881 742 965 429 593 543 439 411 821 497 917 714 140 624 405 59 927 642 610 823 309 224 424 354 772 581 694 690 55 197 358 132 821 200 99 213 939 258 834 27 206 894 735 312 307 208 240 342 880 249 570 323 393 903
805 878 534 715 809 943 879 180 412 513 222 115 695 386 980 696 242 239 161 358 549 995 758 336 425 83 417 127 104 935 552 272 864 175 336 788 762 704 447 876 835 699 335 795 48 590 319 132 156 222 499 987 37 997 468 495 224 543 173 616 125 243 83 472 52 106 39 756 286 676 404 718 356 402 426 443 837 820 992 838 254 577 82 934 251 957 9 957 8 450 343 113 86 192 689 314 217 685 257 342
606 713 989 487 179 245 946 945 314 444 155 104 972 819 385 739 667 868 231 665 224 425 165 685 19 64 254 73 471 949 546 269 339 683 526 212 543 22 373 118 292 955 664 338 614 436 600 455 187 795 556 146 984 146 658 172 575 112 445 275 619 664 99 507 792 928 923 85 850 570 136 954 630 643 875 148 107 133 93 652 106 205 298 983 546 988 841 520 749 123 400 56 500 360 273 105 621 256 411 337
881 442 472 987 249 777 987 72 297 663 607 545 753 214 546 214 303 243 353 39 966 405 666 221 761 583 770 871 755 864 661 21 55 733 90 375 911 529 234 548 851 800 218 950 452 445 401 372 124 809 326 389 484 757 946 762 759 237 365 37 949 709 637 980 318 778 655 901 754 937 721 261 125 619 754 794 933 491 88 442 162 824 756 528 453 807 643 836 66 628 10 675 889 115 368 374 552 588 266 532
847 54 575 612 36 117 206 496 425 502 462 533 697 195 968 569 503 927 115 683 730 642 135 60 983 82 123 44 896 41 802 841 820 488 689 848 147 845 466 696 92 271 334 844 638 23 581 523 855 1 637 514 710 873 653 508 50 449 792 821 404 587 872 349 598 420 274 218 640 134 81 34 923 999 684 353 741 360 172 816 390 761 756 226 398 799 824 701 244 836 2 101 18 181 820 411 870 657 368 962
779 183 815 65 504 397 806 689 521 502 972 81 619 774 302 561 270 531 771 572 452 743 920 63 147 162 445 324 402 712 893 144 259 961 827 477 885 335 902 113 639 19 618 64 228 919 423 550 355 833 672 164 652 386 807 438 516 746 420 588 124 916 684 804 681 573 924 864 480 942 227 319 278 573 675 802 552 816 352 75 895 836 327 36 763 264 400 127 856 434 186 656 204 202 736 637 77 189 508 385
496 815 55 832 52 107 899 898 929 774 648 836 643 143 608 170 987 479 270 584 667 403 197 94 919 549 834 495 654 22 379 741 233 941 384 412 830 77 11 220 468 362 236 238 104 407 98 209 981 91 703 960 706 144 225 469 151 552 330 552 826 780 749 345 71 112 994 281 696 819 988 577 99 767 771 995 889 242 958 643 182 449 883 340 767 801 166 459 990 731 380 836 8 641 224 60 304 214 567 892
588 511 77 140 85 58 326 278 449 980 152 135 537 235 40 505 42 56 559 942 407 614 19 723 458 677 916 535 925 602 446 696 586 719 198 680 944 442 862 103 79 721 436 344 295 990 564 742 615 370 985 743 382 157 121 967 838 56 195 499 175 622 464 826 294 628 298 754 550 825 825 958 482 682 623 326 307 561 132 381 268 898 3 780 644 628 923 12 856 455 14 926 818 988 354 887 937 692 287 659
533 122 291 24 134 392 769 233 361 602 101 941 909 809 957 279 171 932 792 883 420 866 34 289 577 190 484 574 83 492 430 661 56 996 291 885 655 357 835 688 388 841 338 722 542 331 395 281 94 766 476 483 281 31 67 948 551 763 801 790 991 472 226 795 62 521 714 126 947 766 954 823 155 976 807 574 622 890 160 77 513 786 504 794 986 77 906 173 542 146 279 889 130 351 256 320 967 994 388 277
369 368 437 217 333 460 32 387 498 75 742 184 193 277 893 400 459 580 937 635 102 263 533 478 646 465 370 132 625 185 639 118 356 152 846 719 198 673 254 933 596 429 436 316 823 8 389 380 280 649 298 728 99 506 966 686 303 414 625 283 681 132 832 279 714 427 371 517 337 57 416 523 741 993 855 799 739 257 494 686 564 528 863 724 635 367 526 576 205 842 909 883 701 889 696 362 754 982 464 600
887 777 524 704 278 277 92 772 288 241 955 373 946 847 752 161 695 249 116 49 96 402 411 35 655 312 281 752 384 57 867 781 371 174 341 564 828 764 278 341 991 229 67 549 900 121 332 463 22 174 307 665 991 23 127 25 184 881 210 20 63 412 447 517 362 81 335 304 701 417 592 821 710 940 273 346 285 41 683 168 724 988 115 572 288 913 448 272 884 873 826 655 361 34 172 455 664 984 442 362
482 649 623 597 557 990 616 158 900 483 200 584 833 601 264 483 394 703 83 294 253 605 737 130 830 376 337 806 418 993 266 888 206 292 568 610 485 382 63 959 839 627 454 990 96 637 102 847 399 447 367 295 535 350 239 543 227 457 622 669 763 275 700 424 613 625 602 891 803 244 669 661 577 573 77 157 668 148 500 914 657 332 356 825 301 418 381 559 758 921 963 503 926 997 478 314 594 973 101 944
163 613 570 671 914 61 108 772 561 961 805 958 945 463 71 78 292 336 865 392 907 665 409 425 879 443 246 275 965 45 674 558 767 865 521 564 768 802 50 614 863 522 755 647 53 862 377 175 696 234 156 298 593 184 160 986 55 149 864 809 473 377 763 975 381 87 865 898 930 481 781 554 207 409 293 343 679 356 779 322 913 691 975 456 997 642 422 714 331 582 664 125 637 869 363 249 270 816 60 197
523 371 963 438 773 122 522 101 184 497 532 369 347 248 617 76 747 123 977 345 860 938 424 188 225 395 506 72 265 800 599 618 710 118 20 620 258 706 736 102 377 814 77 452 939 997 967 749 40 668 829 35 0 293 895 704 664 314 148 901 686 284 721 705 641 1 675 367 291 541 226 110 336 299 985 466 709 822 199 388 766 254 864 729 6 168 13 599 406 663 456 682 16 454 660 405 445 545 622 867
796 834 339 155 332 577 833 110 201 919 240 23 36 14 308 694 593 96 169 410 603 722 691 233 780 280 685 20 293 235 208 685 990 973 99 630 310 510 833 720 358 873 739 417 343 798 288 464 638 686 693 198 34 927 969 712 775 732 972 896 490 703 143 498 869 659 101 555 799 139 430 939 67 24 109 57 649 655 437 988 711 565 414 708 739 0 291 554 827 933 756 484 424 750 131 856 452 829 336 805
558 82 506 151 83 270 394 91 120 699 331 314 66 762 402 322 963 100 544 802 285 689 927 107 541 282 174 378 518 478 804 862 536 68 541 350 736 774 988 868 893 177 494 558 682 633 364 310 139 647 916 893 979 631 695 547 480 266 797 220 398 714 528 574 846 743 576 161 192 573 897 572 430 672 440 926 125 387 63 792 979 742 467 844 839 389 966 870 367 254 408 636 946 638 793 723 644 852 807 679
24 214 261 708 610 625 296 18 305 770 8 762 27 850 876 901 410 267 492 932 383 127 469 34 595 524 621 590 715 155 605 313 398 831 981 169 568 229 54 887 390 233 913 844 817 918 707 215 849 460 81 436 530 628 996 777 750 401 470 504 90 878 349 979 336 584 318 210 701 693 365 646 734 566 95 430 84 283 735 800 827 4 847 184 667 812 931 657 675 492 216 917 937 330 859 306 711 908 279 280
762 953 836 921 640 763 355 342 971 515 802 596 213 667 593 717 470 540 831 884 428 717 27 299 83 284 646 58 248 624 925 827 307 103 326 779 285 314 493 473 303 36 479 397 606 364 43 392 95 303 439 427 568 481 337 876 17 693 751 945 468 546 534 335 592 956 229 873 147 761 444 446 278 277 667 906 966 821 335 739 712 434 729 367 89 448 979 312 240 679 745 206 493 117 407 891 772 575 203 621
659 501 688 567 601 863 250 443 370 408 986 873 966 36 799 200 32 969 325 947 99 777 301 622 756 969 109 381 293 645 571 603 278 777 176 641 406 83 395 296 301 423 578 253 576 499 310 555 4 974 401 89 17 921 677 847 151 757 362 778 992 585 206 223 385 105 449 130 310 271 654 159 181 841 763 937 215 194 482 366 660 57 944 567 947 473 727 210 386 879 343 891 685 72 547 951 916 753 628 243
416 189 159 110 153 410 635 868 11 226 833 644 846 352 347 372 764 453 271 140 279 900 182 774 164 232 111 196 547 28 233 472 46 472 588 885 565 579 101 33 706 683 948 131 569 436 613 413 65 653 506 648 473 233 226 811 814 373 372 481 249 324 698 767 842 271 582 202 189 907 61 157 775 929 481 458 804 931 743 478 241 919 77 278 77 558 214 317 31 472 266 54 28 472 934 838 800 212 774 748
674 51 755 35 347 665 845 733 363 573 375 54 453 84 584 868 478 299 799 269 295 503 221 675 23 288 591 274 121 204 181 611 210 733 988 822 878 238 995 310 297 145 201 457 174 468 26 407 857 236 187 540 996 632 144 974 232 524 585 118 316 826 852 478 281 925 347 232 436 478 453 207 218 42 531 384 432 934 423 422 30 497 635 387 40 251 574 486 319 635 605 795 905 713 111 640 420 804 379 277
75 898 170 720 15 252 555 60 763 292 747 281 949 147 346 341 147 18 476 650 865 240 982 673 392 626 752 54 24 511 774 512 284 83 390 667 225 518 109 478 476 365 704 764 408 400 631 17 283 149 257 248 803 142 707 24 762 732 407 825 500 557 904 668 25 705 902 253 331 670 914 694 244 383 140 540 126 225 584 932 272 434 667 813 657 890 243 36 500 336 192 706 926 668 562 507 864 538 109 793
457 282 816 197 327 54 37 215 691 916 708 271 739 598 679 196 626 475 900 705 102 321 608 960 393 953 42 739 76 708 741 292 479 1 593 532 810 74 896 801 966 492 516 152 506 986 459 120 345 294 52 117 47 241 488 498 268 837 23 554 879 603 499 13 978 95 26 464 863 638 124 113 257 938 823 900 362 483 394 34 66 510 927 399 844 734 358 487 270 639 376 490 764 329 801 46 941 708 630 892
475 41 685 747 109 825 365 619 76 771 402 591 406 829 645 307 644 651 512 858 886 544 219 235 406 807 984 737 720 490 917 856 392 825 31 654 800 538 64 78 913 496 908 937 622 529 692 546 453 402 891 759 25 983 473 171 824 84 987 956 328 53 925 135 788 889 693 120 368 904 84 797 348 48 751 110 202 492 963 8 402 718 80 557 44 2 225 904 491 650 967 614 476 281 344 377 271 957 148 264
12 922 21 943 791 124 683 315 724 845 81 623 244 240 167 60 720 295 796 699 453 442 276 315 515 926 324 982 523 405 236 950 574 928 389 963 65 982 92 656 244 661 625 877 393 572 892 925 289 915 575 319 621 979 546 218 929 514 878 186 392 242 723 374 465 888 360 205 763 704 88 252 186 275 351 972 799 194 924 812 776 130 397 217 31 163 408 552 224 67 997 459 694 704 459 310 831 175 815 998
259 957 377 131 441 306 535 943 873 636 885 529 92 960 47 754 242 915 805 222 163 696 57 306 500 578 416 644 941 934 557 281 107 435 379 791 560 84 806 408 877 97 17 251 885 966 806 565 995 325 204 328 423 25 903 327 412 497 258 318 297 535 71 78 813 924 260 403 387 7 676 174 470 557 644 64 997 308 792 796 999 476 42 492 270 617 888 961 155 397 454 75 741 809 609 791 422 377 172 878
281 431 888 534 588 816 475 586 787 876 884 936 142 579 202 713 55 811 880 426 738 252 741 551 210 862 919 548 592 234 957 940 654 875 159 773 767 866 61 894 342 371 631 208 724 717 37 589 274 588 396 197 736 503 819 144 555 966 139 266 309 750 938 496 406 10 958 331 236 39 642 114 30 538 26 481 149 983 532 209 740 279 751 761 619 341 976 512 934 657 556 36 109 497 392 112 902 590 399 121
821 703 247 121 332 677 258 46 99 518 434 865 928 235 423 727 114 240 717 490 711 886 204 487 519 227 418 693 147 312 168 535 116 358 788 42 223 549 166 645 528 26 824 623 431 266 228 297 11 612 258 570 155 150 523 307 951 41 337 716 333 894 484 218 179 959 201 119 571 495 156 919 749 41 703 650 294 105 487 320 736 710 118 152 680 725 800 655 369 856 595 400 671 291 269 711 183 394 211 979
988 397 768 937 476 401 406 975 861 10 273 587 876 547 747 618 769 187 514 297 885 360 882 963 723 704 308 597 279 967 67 986 275 942 971 121 19 908 816 437 467 208 509 287 502 604 906 133 557 947 521 933 235 935 705 946 26 148 896 768 519 725 348 954 595 588 440 390 330 212 456 839 564 636 634 194 524 247 855 545 846 380 713 670 232 709 303 749 568 247 470 96 834 240 15 252 953 866 558 698
180 403 169 473 793 656 159 900 419 260 550 158 940 227 126 729 180 508 676 893 379 202 579 262 597 62 134 393 858 487 448 116 956 899 975 306 520 264 223 945 790 380 125 480 516 856 950 911 325 561 329 202 398 598 488 462 175 805 494 902 48 218 245 284 45 435 115 811 44 680 189 999 423 329 554 144 378 493 598 835 141 539 489 758 918 788 91 382 588 494 64 210 543 747 935 939 848 198 59 65
530 116 289 519 872 285 472 825 19 870 866 334 173 271 404 420 78 480 317 117 193 143 660 77 651 105 579 537 162 323 867 173 106 217 594 639 973 472 308 743 461 532 96 806 272 240 433 585 186 949 669 217 226 380 302 378 835 250 892 764 345 406 922 816 165 575 876 255 153 348 78 699 171 718 496 69 265 218 254 924 109 319 714 697 148 843 714 609 30 524 361 471 922 79 876 712 365 31 842 500
825 179 321 609 763 601 742 470 710 540 698 654 189 44 357 831 301 313 136 182 69 252 814 496 842 383 861 899 153 354 481 912 963 915 923 597 112 969 132 162 944 863 84 892 723 205 258 810 816 713 879 289 778 17 246 750 321 48 926 452 644 343 408 573 867 666 762 392 531 890 183 682 359 581 858 38 881 22 6 956 560 950 752 470 134 430 358 158 139 477 610 97 901 937 370 939 219 908 434 109
